Link_index	Source	Destination	Capacity(kbps)
0	0	1	1
1	1	0	1
2	1	4	1176
3	1	5	587
4	1	11	846
5	2	5	260
6	2	8	700
7	3	6	639
8	3	9	1295
9	3	10	2095
10	4	1	1176
11	4	6	902
12	4	7	1893
13	5	1	587
14	5	2	260
15	5	6	548
16	6	3	639
17	6	4	902
18	6	5	548
19	7	4	1893
20	7	9	366
21	8	2	700
22	8	11	233
23	9	3	1295
24	9	7	366
25	9	10	861
26	10	3	2095
27	10	9	861
28	11	1	846
29	11	8	233